validate
sen:92.0
spec:96.96969696969697
acc:95.6043956043956
pre:92.0
f1:92.0

test
sen:72.05882352941177
spec:100.0
acc:83.33333333333334
pre:100.0
f1:83.76068376068376

ROC
validate:0.9448484848484848
test:0.8602941176470589
