validate
sen:92.0
spec:98.48484848484848
acc:96.7032967032967
pre:95.83333333333334
f1:93.87755102040818

test
sen:69.11764705882352
spec:100.0
acc:81.57894736842105
pre:100.0
f1:81.7391304347826

ROC
validate:0.9524242424242424
test:0.8455882352941176
