validate
sen:76.31578947368422
spec:100.0
acc:90.10989010989012
pre:100.0
f1:86.56716417910448

test
sen:61.76470588235294
spec:100.0
acc:77.19298245614034
pre:100.0
f1:76.36363636363637

ROC
validate:0.881578947368421
test:0.8088235294117647
