validate
sen:87.17948717948718
spec:98.07692307692307
acc:93.4065934065934
pre:97.14285714285714
f1:91.89189189189189
test
67.64705882352942100.080.7017543859649100.080.70175438596492ROC
