validate
sen:100.0
spec:80.88235294117648
acc:85.71428571428571
pre:63.888888888888886
f1:77.96610169491525

test
sen:83.82352941176471
spec:100.0
acc:90.35087719298247
pre:100.0
f1:91.2

ROC
validate:0.9044117647058824
test:0.9191176470588236
