validate
sen:100.0
spec:80.55555555555556
acc:84.61538461538461
pre:57.57575757575758
f1:73.0769230769231

test
sen:88.23529411764706
spec:100.0
acc:92.98245614035088
pre:100.0
f1:93.75

ROC
validate:0.9027777777777778
test:0.9411764705882353
