
test
sen:89.70588235294117
spec:97.82608695652173
acc:92.98245614035088
pre:98.38709677419355
f1:93.84615384615385

ROC
test:0.9376598465473146
