validate
sen:100.0
spec:80.88235294117648
acc:85.71428571428571
pre:63.888888888888886
f1:77.96610169491525

test
sen:88.23529411764706
spec:97.82608695652173
acc:92.10526315789474
pre:98.36065573770492
f1:93.02325581395348

ROC
test:0.9303069053708439
