validate
sen:97.43589743589743
spec:90.38461538461539
acc:93.4065934065934
pre:88.37209302325581
f1:92.68292682926828

test
sen:89.70588235294117
spec:97.82608695652173
acc:92.98245614035088
pre:98.38709677419355
f1:93.84615384615385

ROC
test:0.9376598465473146
