validate
sen:96.0
spec:89.39393939393939
acc:91.20879120879121
pre:77.41935483870968
f1:85.71428571428571

test
sen:86.76470588235294
spec:97.82608695652173
acc:91.22807017543859
pre:98.33333333333333
f1:92.1875

ROC
test:0.9229539641943734
