validate
sen:100.0
spec:80.55555555555556
acc:84.61538461538461
pre:57.57575757575758
f1:73.0769230769231

test
sen:92.64705882352942
spec:95.65217391304348
acc:93.85964912280701
pre:96.92307692307692
f1:94.73684210526316

ROC
test:0.9414961636828645
