validate
sen:100.0
spec:77.94117647058823
acc:83.51648351648352
pre:60.526315789473685
f1:75.40983606557376

test
sen:86.76470588235294
spec:97.82608695652173
acc:91.22807017543859
pre:98.33333333333333
f1:92.1875

ROC
test:0.9229539641943734
