validate
sen:100.0
spec:76.38888888888889
acc:81.31868131868131
pre:52.77777777777778
f1:69.0909090909091

test
sen:91.17647058823529
spec:95.65217391304348
acc:92.98245614035088
pre:96.875
f1:93.93939393939392

ROC
test:0.9341432225063938
