
test
sen:85.29411764705883
spec:97.82608695652173
acc:90.35087719298247
pre:98.30508474576271
f1:91.33858267716533

ROC
test:0.9156010230179029
