validate
sen:97.43589743589743
spec:90.38461538461539
acc:93.4065934065934
pre:88.37209302325581
f1:92.68292682926828

test
sen:91.17647058823529
spec:97.82608695652173
acc:93.85964912280701
pre:98.4126984126984
f1:94.65648854961832

ROC
test:0.9450127877237852
