validate
sen:96.0
spec:87.87878787878788
acc:90.10989010989012
pre:75.0
f1:84.21052631578948

test
sen:83.82352941176471
spec:95.65217391304348
acc:88.59649122807018
pre:96.61016949152543
f1:89.76377952755907

ROC
test:0.897378516624041
