validate
sen:97.36842105263158
spec:100.0
acc:98.9010989010989
pre:100.0
f1:98.66666666666669

test
sen:83.82352941176471
spec:100.0
acc:90.35087719298247
pre:100.0
f1:91.2

ROC
validate:0.986842105263158
test:0.9191176470588236
