validate
sen:100.0
spec:77.94117647058823
acc:83.51648351648352
pre:60.526315789473685
f1:75.40983606557376

test
sen:83.82352941176471
spec:100.0
acc:90.35087719298247
pre:100.0
f1:91.2

ROC
validate:0.8897058823529411
test:0.9191176470588236
