
test
sen:67.64705882352942
spec:100.0
acc:80.7017543859649
pre:100.0
f1:80.70175438596492

ROC
test:0.8382352941176471
