
test
sen:91.17647058823529
spec:97.82608695652173
acc:93.85964912280701
pre:98.4126984126984
f1:94.65648854961832

ROC
test:0.9450127877237852
