validate
sen:96.0
spec:87.87878787878788
acc:90.10989010989012
pre:75.0
f1:84.21052631578948

test
sen:86.76470588235294
spec:100.0
acc:92.10526315789474
pre:100.0
f1:92.91338582677166

ROC
validate:0.9193939393939394
test:0.9338235294117647
