validate
sen:87.17948717948718
spec:98.07692307692307
acc:93.4065934065934
pre:97.14285714285714
f1:91.89189189189189

test
sen:67.64705882352942
spec:100.0
acc:80.7017543859649
pre:100.0
f1:80.70175438596492

ROC
validate:0.9262820512820512
test:0.8382352941176471
