validate
sen:76.31578947368422
spec:100.0
acc:90.10989010989012
pre:100.0
f1:86.56716417910448

test
sen:63.23529411764706
spec:100.0
acc:78.0701754385965
pre:100.0
f1:77.47747747747746

ROC
validate:0.881578947368421
test:0.8161764705882353
