validate
sen:94.73684210526315
spec:93.05555555555556
acc:93.4065934065934
pre:78.26086956521739
f1:85.7142857142857

test
sen:70.58823529411765
spec:100.0
acc:82.45614035087719
pre:100.0
f1:82.75862068965517

ROC
validate:0.9389619883040936
test:0.8529411764705883
