validate
sen:87.17948717948718
spec:98.07692307692307
acc:93.4065934065934
pre:97.14285714285714
f1:91.89189189189189

test
sen:66.17647058823529
spec:100.0
acc:79.82456140350878
pre:100.0
f1:79.64601769911503

ROC
validate:0.9262820512820512
test:0.8308823529411764
