validate
sen:100.0
spec:91.66666666666666
acc:93.4065934065934
pre:76.0
f1:86.36363636363636

test
sen:70.58823529411765
spec:100.0
acc:82.45614035087719
pre:100.0
f1:82.75862068965517

ROC
validate:0.9583333333333333
test:0.8529411764705883
