validate
sen:95.65217391304348
spec:95.58823529411765
acc:95.6043956043956
pre:88.0
f1:91.66666666666666

test
sen:69.11764705882352
spec:100.0
acc:81.57894736842105
pre:100.0
f1:81.7391304347826

ROC
validate:0.9562020460358057
test:0.8455882352941176
