validate
sen:100.0
spec:76.38888888888889
acc:81.31868131868131
pre:52.77777777777778
f1:69.0909090909091

test
sen:88.23529411764706
spec:97.82608695652173
acc:92.10526315789474
pre:98.36065573770492
f1:93.02325581395348

ROC
validate:0.8819444444444444
test:0.9303069053708439
