validate
sen:97.43589743589743
spec:90.38461538461539
acc:93.4065934065934
pre:88.37209302325581
f1:92.68292682926828

test
sen:86.76470588235294
spec:97.82608695652173
acc:91.22807017543859
pre:98.33333333333333
f1:92.1875

ROC
validate:0.9391025641025641
test:0.9229539641943734
