validate
sen:96.0
spec:89.39393939393939
acc:91.20879120879121
pre:77.41935483870968
f1:85.71428571428571

test
sen:85.29411764705883
spec:100.0
acc:91.22807017543859
pre:100.0
f1:92.06349206349206

ROC
validate:0.9269696969696969
test:0.9264705882352942
