validate
sen:97.36842105263158
spec:100.0
acc:98.9010989010989
pre:100.0
f1:98.66666666666669

test
sen:85.29411764705883
spec:100.0
acc:91.22807017543859
pre:100.0
f1:92.06349206349206

ROC
validate:0.986842105263158
test:0.9264705882352942
