validate
sen:97.43589743589743
spec:90.38461538461539
acc:93.4065934065934
pre:88.37209302325581
f1:92.68292682926828

test
sen:86.76470588235294
spec:100.0
acc:92.10526315789474
pre:100.0
f1:92.91338582677166

ROC
validate:0.9391025641025641
test:0.9338235294117647
